    0 0 0 6
    1 1 0 7
    2 2 0 5
    3 3 0 6
    4 4 0 2
    5 5 0 3
    6 6 0 0
    7 7 0 1
    8 0 1 7
    9 1 1 5
   10 2 1 1
   11 3 1 6
   12 4 1 2
   13 5 1 3
   14 6 1 0
   15 7 1 1
   16 0 2 4
   17 1 2 3
   18 2 2 5
   19 3 2 6
   20 4 2 2
   21 5 2 3
   22 6 2 0
   23 7 2 0
   24 0 3 5
   25 1 3 1
   26 2 3 1
   27 3 3 6
   28 4 3 2
   29 5 3 3
   30 6 3 0
   31 7 3 0
   32 0 4 2
   33 1 4 7
   34 2 4 5
   35 3 4 6
   36 4 4 2
   37 5 4 3
   38 6 4 1
   39 7 4 3
   40 0 5 3
   41 1 5 5
   42 2 5 1
   43 3 5 6
   44 4 5 2
   45 5 5 3
   46 6 5 1
   47 7 5 3
   48 0 6 0
   49 1 6 3
   50 2 6 5
   51 3 6 6
   52 4 6 2
   53 5 6 3
   54 6 6 1
   55 7 6 2
   56 0 7 1
   57 1 7 1
   58 2 7 1
   59 3 7 6
   60 4 7 2
   61 5 7 3
   62 6 7 1
   63 7 7 2
   64 0 0 6
   65 1 0 7
   66 2 0 5
   67 3 0 6
   68 4 0 2
   69 5 0 2
   70 6 0 2
   71 7 0 5
   72 0 1 7
   73 1 1 5
   74 2 1 1
   75 3 1 6
   76 4 1 2
   77 5 1 2
   78 6 1 2
   79 7 1 5
   80 0 2 4
   81 1 2 3
   82 2 2 5
   83 3 2 6
   84 4 2 2
   85 5 2 2
   86 6 2 2
   87 7 2 4
   88 0 3 5
   89 1 3 1
   90 2 3 1
   91 3 3 6
   92 4 3 2
   93 5 3 2
   94 6 3 2
   95 7 3 4
   96 0 4 2
   97 1 4 7
   98 2 4 5
   99 3 4 6
  100 4 4 2
  101 5 4 2
  102 6 4 3
  103 7 4 7
  104 0 5 3
  105 1 5 5
  106 2 5 1
  107 3 5 6
  108 4 5 2
  109 5 5 2
  110 6 5 3
  111 7 5 7
  112 0 6 0
  113 1 6 3
  114 2 6 5
  115 3 6 6
  116 4 6 2
  117 5 6 2
  118 6 6 3
  119 7 6 6
  120 0 7 1
  121 1 7 1
  122 2 7 1
  123 3 7 6
  124 4 7 2
  125 5 7 2
  126 6 7 3
  127 7 7 6
  128 0 0 6
  129 1 0 7
  130 2 0 5
  131 3 0 6
  132 4 0 3
  133 5 0 1
  134 6 0 4
  135 7 0 1
  136 0 1 7
  137 1 1 5
  138 2 1 1
  139 3 1 6
  140 4 1 3
  141 5 1 1
  142 6 1 4
  143 7 1 1
  144 0 2 4
  145 1 2 3
  146 2 2 5
  147 3 2 6
  148 4 2 3
  149 5 2 1
  150 6 2 4
  151 7 2 0
  152 0 3 5
  153 1 3 1
  154 2 3 1
  155 3 3 6
  156 4 3 3
  157 5 3 1
  158 6 3 4
  159 7 3 0
  160 0 4 2
  161 1 4 7
  162 2 4 5
  163 3 4 6
  164 4 4 3
  165 5 4 1
  166 6 4 5
  167 7 4 3
  168 0 5 3
  169 1 5 5
  170 2 5 1
  171 3 5 6
  172 4 5 3
  173 5 5 1
  174 6 5 5
  175 7 5 3
  176 0 6 0
  177 1 6 3
  178 2 6 5
  179 3 6 6
  180 4 6 3
  181 5 6 1
  182 6 6 5
  183 7 6 2
  184 0 7 1
  185 1 7 1
  186 2 7 1
  187 3 7 6
  188 4 7 3
  189 5 7 1
  190 6 7 5
  191 7 7 2
  192 0 0 6
  193 1 0 7
  194 2 0 5
  195 3 0 6
  196 4 0 3
  197 5 0 0
  198 6 0 6
  199 7 0 5
  200 0 1 7
  201 1 1 5
  202 2 1 1
  203 3 1 6
  204 4 1 3
  205 5 1 0
  206 6 1 6
  207 7 1 5
  208 0 2 4
  209 1 2 3
  210 2 2 5
  211 3 2 6
  212 4 2 3
  213 5 2 0
  214 6 2 6
  215 7 2 4
  216 0 3 5
  217 1 3 1
  218 2 3 1
  219 3 3 6
  220 4 3 3
  221 5 3 0
  222 6 3 6
  223 7 3 4
  224 0 4 2
  225 1 4 7
  226 2 4 5
  227 3 4 6
  228 4 4 3
  229 5 4 0
  230 6 4 7
  231 7 4 7
  232 0 5 3
  233 1 5 5
  234 2 5 1
  235 3 5 6
  236 4 5 3
  237 5 5 0
  238 6 5 7
  239 7 5 7
  240 0 6 0
  241 1 6 3
  242 2 6 5
  243 3 6 6
  244 4 6 3
  245 5 6 0
  246 6 6 7
  247 7 6 6
  248 0 7 1
  249 1 7 1
  250 2 7 1
  251 3 7 6
  252 4 7 3
  253 5 7 0
  254 6 7 7
  255 7 7 6
  256 0 0 6
  257 1 0 7
  258 2 0 5
  259 3 0 6
  260 4 0 0
  261 5 0 7
  262 6 0 0
  263 7 0 1
  264 0 1 7
  265 1 1 5
  266 2 1 1
  267 3 1 6
  268 4 1 0
  269 5 1 7
  270 6 1 0
  271 7 1 1
  272 0 2 4
  273 1 2 3
  274 2 2 5
  275 3 2 6
  276 4 2 0
  277 5 2 7
  278 6 2 0
  279 7 2 0
  280 0 3 5
  281 1 3 1
  282 2 3 1
  283 3 3 6
  284 4 3 0
  285 5 3 7
  286 6 3 0
  287 7 3 0
  288 0 4 2
  289 1 4 7
  290 2 4 5
  291 3 4 6
  292 4 4 0
  293 5 4 7
  294 6 4 1
  295 7 4 3
  296 0 5 3
  297 1 5 5
  298 2 5 1
  299 3 5 6
  300 4 5 0
  301 5 5 7
  302 6 5 1
  303 7 5 3
  304 0 6 0
  305 1 6 3
  306 2 6 5
  307 3 6 6
  308 4 6 0
  309 5 6 7
  310 6 6 1
  311 7 6 2
  312 0 7 1
  313 1 7 1
  314 2 7 1
  315 3 7 6
  316 4 7 0
  317 5 7 7
  318 6 7 1
  319 7 7 2
  320 0 0 6
  321 1 0 7
  322 2 0 5
  323 3 0 6
  324 4 0 0
  325 5 0 6
  326 6 0 2
  327 7 0 5
  328 0 1 7
  329 1 1 5
  330 2 1 1
  331 3 1 6
  332 4 1 0
  333 5 1 6
  334 6 1 2
  335 7 1 5
  336 0 2 4
  337 1 2 3
  338 2 2 5
  339 3 2 6
  340 4 2 0
  341 5 2 6
  342 6 2 2
  343 7 2 4
  344 0 3 5
  345 1 3 1
  346 2 3 1
  347 3 3 6
  348 4 3 0
  349 5 3 6
  350 6 3 2
  351 7 3 4
  352 0 4 2
  353 1 4 7
  354 2 4 5
  355 3 4 6
  356 4 4 0
  357 5 4 6
  358 6 4 3
  359 7 4 7
  360 0 5 3
  361 1 5 5
  362 2 5 1
  363 3 5 6
  364 4 5 0
  365 5 5 6
  366 6 5 3
  367 7 5 7
  368 0 6 0
  369 1 6 3
  370 2 6 5
  371 3 6 6
  372 4 6 0
  373 5 6 6
  374 6 6 3
  375 7 6 6
  376 0 7 1
  377 1 7 1
  378 2 7 1
  379 3 7 6
  380 4 7 0
  381 5 7 6
  382 6 7 3
  383 7 7 6
  384 0 0 6
  385 1 0 7
  386 2 0 5
  387 3 0 6
  388 4 0 1
  389 5 0 5
  390 6 0 4
  391 7 0 1
  392 0 1 7
  393 1 1 5
  394 2 1 1
  395 3 1 6
  396 4 1 1
  397 5 1 5
  398 6 1 4
  399 7 1 1
  400 0 2 4
  401 1 2 3
  402 2 2 5
  403 3 2 6
  404 4 2 1
  405 5 2 5
  406 6 2 4
  407 7 2 0
  408 0 3 5
  409 1 3 1
  410 2 3 1
  411 3 3 6
  412 4 3 1
  413 5 3 5
  414 6 3 4
  415 7 3 0
  416 0 4 2
  417 1 4 7
  418 2 4 5
  419 3 4 6
  420 4 4 1
  421 5 4 5
  422 6 4 5
  423 7 4 3
  424 0 5 3
  425 1 5 5
  426 2 5 1
  427 3 5 6
  428 4 5 1
  429 5 5 5
  430 6 5 5
  431 7 5 3
  432 0 6 0
  433 1 6 3
  434 2 6 5
  435 3 6 6
  436 4 6 1
  437 5 6 5
  438 6 6 5
  439 7 6 2
  440 0 7 1
  441 1 7 1
  442 2 7 1
  443 3 7 6
  444 4 7 1
  445 5 7 5
  446 6 7 5
  447 7 7 2
  448 0 0 6
  449 1 0 7
  450 2 0 5
  451 3 0 6
  452 4 0 1
  453 5 0 4
  454 6 0 6
  455 7 0 5
  456 0 1 7
  457 1 1 5
  458 2 1 1
  459 3 1 6
  460 4 1 1
  461 5 1 4
  462 6 1 6
  463 7 1 5
  464 0 2 4
  465 1 2 3
  466 2 2 5
  467 3 2 6
  468 4 2 1
  469 5 2 4
  470 6 2 6
  471 7 2 4
  472 0 3 5
  473 1 3 1
  474 2 3 1
  475 3 3 6
  476 4 3 1
  477 5 3 4
  478 6 3 6
  479 7 3 4
  480 0 4 2
  481 1 4 7
  482 2 4 5
  483 3 4 6
  484 4 4 1
  485 5 4 4
  486 6 4 7
  487 7 4 7
  488 0 5 3
  489 1 5 5
  490 2 5 1
  491 3 5 6
  492 4 5 1
  493 5 5 4
  494 6 5 7
  495 7 5 7
  496 0 6 0
  497 1 6 3
  498 2 6 5
  499 3 6 6
  500 4 6 1
  501 5 6 4
  502 6 6 7
  503 7 6 6
  504 0 7 1
  505 1 7 1
  506 2 7 1
  507 3 7 6
  508 4 7 1
  509 5 7 4
  510 6 7 7
  511 7 7 6
  512 0 0 6
  513 1 0 7
  514 2 0 5
  515 3 0 6
  516 4 0 6
  517 5 0 3
  518 6 0 0
  519 7 0 1
  520 0 1 7
  521 1 1 5
  522 2 1 1
  523 3 1 6
  524 4 1 6
  525 5 1 3
  526 6 1 0
  527 7 1 1
  528 0 2 4
  529 1 2 3
  530 2 2 5
  531 3 2 6
  532 4 2 6
  533 5 2 3
  534 6 2 0
  535 7 2 0
  536 0 3 5
  537 1 3 1
  538 2 3 1
  539 3 3 6
  540 4 3 6
  541 5 3 3
  542 6 3 0
  543 7 3 0
  544 0 4 2
  545 1 4 7
  546 2 4 5
  547 3 4 6
  548 4 4 6
  549 5 4 3
  550 6 4 1
  551 7 4 3
  552 0 5 3
  553 1 5 5
  554 2 5 1
  555 3 5 6
  556 4 5 6
  557 5 5 3
  558 6 5 1
  559 7 5 3
  560 0 6 0
  561 1 6 3
  562 2 6 5
  563 3 6 6
  564 4 6 6
  565 5 6 3
  566 6 6 1
  567 7 6 2
  568 0 7 1
  569 1 7 1
  570 2 7 1
  571 3 7 6
  572 4 7 6
  573 5 7 3
  574 6 7 1
  575 7 7 2
  576 0 0 6
  577 1 0 7
  578 2 0 5
  579 3 0 6
  580 4 0 6
  581 5 0 2
  582 6 0 2
  583 7 0 5
  584 0 1 7
  585 1 1 5
  586 2 1 1
  587 3 1 6
  588 4 1 6
  589 5 1 2
  590 6 1 2
  591 7 1 5
  592 0 2 4
  593 1 2 3
  594 2 2 5
  595 3 2 6
  596 4 2 6
  597 5 2 2
  598 6 2 2
  599 7 2 4
  600 0 3 5
  601 1 3 1
  602 2 3 1
  603 3 3 6
  604 4 3 6
  605 5 3 2
  606 6 3 2
  607 7 3 4
  608 0 4 2
  609 1 4 7
  610 2 4 5
  611 3 4 6
  612 4 4 6
  613 5 4 2
  614 6 4 3
  615 7 4 7
  616 0 5 3
  617 1 5 5
  618 2 5 1
  619 3 5 6
  620 4 5 6
  621 5 5 2
  622 6 5 3
  623 7 5 7
  624 0 6 0
  625 1 6 3
  626 2 6 5
  627 3 6 6
  628 4 6 6
  629 5 6 2
  630 6 6 3
  631 7 6 6
  632 0 7 1
  633 1 7 1
  634 2 7 1
  635 3 7 6
  636 4 7 6
  637 5 7 2
  638 6 7 3
  639 7 7 6
  640 0 0 6
  641 1 0 7
  642 2 0 5
  643 3 0 6
  644 4 0 7
  645 5 0 1
  646 6 0 4
  647 7 0 1
  648 0 1 7
  649 1 1 5
  650 2 1 1
  651 3 1 6
  652 4 1 7
  653 5 1 1
  654 6 1 4
  655 7 1 1
  656 0 2 4
  657 1 2 3
  658 2 2 5
  659 3 2 6
  660 4 2 7
  661 5 2 1
  662 6 2 4
  663 7 2 0
  664 0 3 5
  665 1 3 1
  666 2 3 1
  667 3 3 6
  668 4 3 7
  669 5 3 1
  670 6 3 4
  671 7 3 0
  672 0 4 2
  673 1 4 7
  674 2 4 5
  675 3 4 6
  676 4 4 7
  677 5 4 1
  678 6 4 5
  679 7 4 3
  680 0 5 3
  681 1 5 5
  682 2 5 1
  683 3 5 6
  684 4 5 7
  685 5 5 1
  686 6 5 5
  687 7 5 3
  688 0 6 0
  689 1 6 3
  690 2 6 5
  691 3 6 6
  692 4 6 7
  693 5 6 1
  694 6 6 5
  695 7 6 2
  696 0 7 1
  697 1 7 1
  698 2 7 1
  699 3 7 6
  700 4 7 7
  701 5 7 1
  702 6 7 5
  703 7 7 2
  704 0 0 6
  705 1 0 7
  706 2 0 5
  707 3 0 6
  708 4 0 7
  709 5 0 0
  710 6 0 6
  711 7 0 5
  712 0 1 7
  713 1 1 5
  714 2 1 1
  715 3 1 6
  716 4 1 7
  717 5 1 0
  718 6 1 6
  719 7 1 5
  720 0 2 4
  721 1 2 3
  722 2 2 5
  723 3 2 6
  724 4 2 7
  725 5 2 0
  726 6 2 6
  727 7 2 4
  728 0 3 5
  729 1 3 1
  730 2 3 1
  731 3 3 6
  732 4 3 7
  733 5 3 0
  734 6 3 6
  735 7 3 4
  736 0 4 2
  737 1 4 7
  738 2 4 5
  739 3 4 6
  740 4 4 7
  741 5 4 0
  742 6 4 7
  743 7 4 7
  744 0 5 3
  745 1 5 5
  746 2 5 1
  747 3 5 6
  748 4 5 7
  749 5 5 0
  750 6 5 7
  751 7 5 7
  752 0 6 0
  753 1 6 3
  754 2 6 5
  755 3 6 6
  756 4 6 7
  757 5 6 0
  758 6 6 7
  759 7 6 6
  760 0 7 1
  761 1 7 1
  762 2 7 1
  763 3 7 6
  764 4 7 7
  765 5 7 0
  766 6 7 7
  767 7 7 6
  768 0 0 6
  769 1 0 7
  770 2 0 5
  771 3 0 6
  772 4 0 4
  773 5 0 7
  774 6 0 0
  775 7 0 1
  776 0 1 7
  777 1 1 5
  778 2 1 1
  779 3 1 6
  780 4 1 4
  781 5 1 7
  782 6 1 0
  783 7 1 1
  784 0 2 4
  785 1 2 3
  786 2 2 5
  787 3 2 6
  788 4 2 4
  789 5 2 7
  790 6 2 0
  791 7 2 0
  792 0 3 5
  793 1 3 1
  794 2 3 1
  795 3 3 6
  796 4 3 4
  797 5 3 7
  798 6 3 0
  799 7 3 0
  800 0 4 2
  801 1 4 7
  802 2 4 5
  803 3 4 6
  804 4 4 4
  805 5 4 7
  806 6 4 1
  807 7 4 3
  808 0 5 3
  809 1 5 5
  810 2 5 1
  811 3 5 6
  812 4 5 4
  813 5 5 7
  814 6 5 1
  815 7 5 3
  816 0 6 0
  817 1 6 3
  818 2 6 5
  819 3 6 6
  820 4 6 4
  821 5 6 7
  822 6 6 1
  823 7 6 2
  824 0 7 1
  825 1 7 1
  826 2 7 1
  827 3 7 6
  828 4 7 4
  829 5 7 7
  830 6 7 1
  831 7 7 2
  832 0 0 6
  833 1 0 7
  834 2 0 5
  835 3 0 6
  836 4 0 4
  837 5 0 6
  838 6 0 2
  839 7 0 5
  840 0 1 7
  841 1 1 5
  842 2 1 1
  843 3 1 6
  844 4 1 4
  845 5 1 6
  846 6 1 2
  847 7 1 5
  848 0 2 4
  849 1 2 3
  850 2 2 5
  851 3 2 6
  852 4 2 4
  853 5 2 6
  854 6 2 2
  855 7 2 4
  856 0 3 5
  857 1 3 1
  858 2 3 1
  859 3 3 6
  860 4 3 4
  861 5 3 6
  862 6 3 2
  863 7 3 4
  864 0 4 2
  865 1 4 7
  866 2 4 5
  867 3 4 6
  868 4 4 4
  869 5 4 6
  870 6 4 3
  871 7 4 7
  872 0 5 3
  873 1 5 5
  874 2 5 1
  875 3 5 6
  876 4 5 4
  877 5 5 6
  878 6 5 3
  879 7 5 7
  880 0 6 0
  881 1 6 3
  882 2 6 5
  883 3 6 6
  884 4 6 4
  885 5 6 6
  886 6 6 3
  887 7 6 6
  888 0 7 1
  889 1 7 1
  890 2 7 1
  891 3 7 6
  892 4 7 4
  893 5 7 6
  894 6 7 3
  895 7 7 6
  896 0 0 6
  897 1 0 7
  898 2 0 5
  899 3 0 6
  900 4 0 5
  901 5 0 5
  902 6 0 4
  903 7 0 1
  904 0 1 7
  905 1 1 5
  906 2 1 1
  907 3 1 6
  908 4 1 5
  909 5 1 5
  910 6 1 4
  911 7 1 1
  912 0 2 4
  913 1 2 3
  914 2 2 5
  915 3 2 6
  916 4 2 5
  917 5 2 5
  918 6 2 4
  919 7 2 0
  920 0 3 5
  921 1 3 1
  922 2 3 1
  923 3 3 6
  924 4 3 5
  925 5 3 5
  926 6 3 4
  927 7 3 0
  928 0 4 2
  929 1 4 7
  930 2 4 5
  931 3 4 6
  932 4 4 5
  933 5 4 5
  934 6 4 5
  935 7 4 3
  936 0 5 3
  937 1 5 5
  938 2 5 1
  939 3 5 6
  940 4 5 5
  941 5 5 5
  942 6 5 5
  943 7 5 3
  944 0 6 0
  945 1 6 3
  946 2 6 5
  947 3 6 6
  948 4 6 5
  949 5 6 5
  950 6 6 5
  951 7 6 2
  952 0 7 1
  953 1 7 1
  954 2 7 1
  955 3 7 6
  956 4 7 5
  957 5 7 5
  958 6 7 5
  959 7 7 2
  960 0 0 6
  961 1 0 7
  962 2 0 5
  963 3 0 6
  964 4 0 5
  965 5 0 4
  966 6 0 6
  967 7 0 5
  968 0 1 7
  969 1 1 5
  970 2 1 1
  971 3 1 6
  972 4 1 5
  973 5 1 4
  974 6 1 6
  975 7 1 5
  976 0 2 4
  977 1 2 3
  978 2 2 5
  979 3 2 6
  980 4 2 5
  981 5 2 4
  982 6 2 6
  983 7 2 4
  984 0 3 5
  985 1 3 1
  986 2 3 1
  987 3 3 6
  988 4 3 5
  989 5 3 4
  990 6 3 6
  991 7 3 4
  992 0 4 2
  993 1 4 7
  994 2 4 5
  995 3 4 6
  996 4 4 5
  997 5 4 4
  998 6 4 7
  999 7 4 7
 1000 0 5 3
 1001 1 5 5
 1002 2 5 1
 1003 3 5 6
 1004 4 5 5
 1005 5 5 4
 1006 6 5 7
 1007 7 5 7
 1008 0 6 0
 1009 1 6 3
 1010 2 6 5
 1011 3 6 6
 1012 4 6 5
 1013 5 6 4
 1014 6 6 7
 1015 7 6 6
 1016 0 7 1
 1017 1 7 1
 1018 2 7 1
 1019 3 7 6
 1020 4 7 5
 1021 5 7 4
 1022 6 7 7
 1023 7 7 6
 1024 0 0 6
 1025 1 0 7
 1026 2 0 5
 1027 3 0 6
 1028 4 0 2
 1029 5 0 3
 1030 6 0 0
 1031 7 0 1
 1032 0 1 7
 1033 1 1 5
 1034 2 1 1
 1035 3 1 6
 1036 4 1 2
 1037 5 1 3
 1038 6 1 0
 1039 7 1 1
 1040 0 2 4
 1041 1 2 3
 1042 2 2 5
 1043 3 2 6
 1044 4 2 2
 1045 5 2 3
 1046 6 2 0
 1047 7 2 0
 1048 0 3 5
 1049 1 3 1
 1050 2 3 1
 1051 3 3 6
 1052 4 3 2
 1053 5 3 3
 1054 6 3 0
 1055 7 3 0
 1056 0 4 2
 1057 1 4 7
 1058 2 4 5
 1059 3 4 6
 1060 4 4 2
 1061 5 4 3
 1062 6 4 1
 1063 7 4 3
 1064 0 5 3
 1065 1 5 5
 1066 2 5 1
 1067 3 5 6
 1068 4 5 2
 1069 5 5 3
 1070 6 5 1
 1071 7 5 3
 1072 0 6 0
 1073 1 6 3
 1074 2 6 5
 1075 3 6 6
 1076 4 6 2
 1077 5 6 3
 1078 6 6 1
 1079 7 6 2
 1080 0 7 1
 1081 1 7 1
 1082 2 7 1
 1083 3 7 6
 1084 4 7 2
 1085 5 7 3
 1086 6 7 1
 1087 7 7 2
 1088 0 0 6
 1089 1 0 7
 1090 2 0 5
 1091 3 0 6
 1092 4 0 2
 1093 5 0 2
 1094 6 0 2
 1095 7 0 5
 1096 0 1 7
 1097 1 1 5
 1098 2 1 1
 1099 3 1 6
 1100 4 1 2
 1101 5 1 2
 1102 6 1 2
 1103 7 1 5
 1104 0 2 4
 1105 1 2 3
 1106 2 2 5
 1107 3 2 6
 1108 4 2 2
 1109 5 2 2
 1110 6 2 2
 1111 7 2 4
 1112 0 3 5
 1113 1 3 1
 1114 2 3 1
 1115 3 3 6
 1116 4 3 2
 1117 5 3 2
 1118 6 3 2
 1119 7 3 4
 1120 0 4 2
 1121 1 4 7
 1122 2 4 5
 1123 3 4 6
 1124 4 4 2
 1125 5 4 2
 1126 6 4 3
 1127 7 4 7
 1128 0 5 3
 1129 1 5 5
 1130 2 5 1
 1131 3 5 6
 1132 4 5 2
 1133 5 5 2
 1134 6 5 3
 1135 7 5 7
 1136 0 6 0
 1137 1 6 3
 1138 2 6 5
 1139 3 6 6
 1140 4 6 2
 1141 5 6 2
 1142 6 6 3
 1143 7 6 6
 1144 0 7 1
 1145 1 7 1
 1146 2 7 1
 1147 3 7 6
 1148 4 7 2
 1149 5 7 2
 1150 6 7 3
 1151 7 7 6
 1152 0 0 6
 1153 1 0 7
 1154 2 0 5
 1155 3 0 6
 1156 4 0 3
 1157 5 0 1
 1158 6 0 4
 1159 7 0 1
 1160 0 1 7
 1161 1 1 5
 1162 2 1 1
 1163 3 1 6
 1164 4 1 3
 1165 5 1 1
 1166 6 1 4
 1167 7 1 1
 1168 0 2 4
 1169 1 2 3
 1170 2 2 5
 1171 3 2 6
 1172 4 2 3
 1173 5 2 1
 1174 6 2 4
 1175 7 2 0
 1176 0 3 5
 1177 1 3 1
 1178 2 3 1
 1179 3 3 6
 1180 4 3 3
 1181 5 3 1
 1182 6 3 4
 1183 7 3 0
 1184 0 4 2
 1185 1 4 7
 1186 2 4 5
 1187 3 4 6
 1188 4 4 3
 1189 5 4 1
 1190 6 4 5
 1191 7 4 3
 1192 0 5 3
 1193 1 5 5
 1194 2 5 1
 1195 3 5 6
 1196 4 5 3
 1197 5 5 1
 1198 6 5 5
 1199 7 5 3
 1200 0 6 0
 1201 1 6 3
 1202 2 6 5
 1203 3 6 6
 1204 4 6 3
 1205 5 6 1
 1206 6 6 5
 1207 7 6 2
 1208 0 7 1
 1209 1 7 1
 1210 2 7 1
 1211 3 7 6
 1212 4 7 3
 1213 5 7 1
 1214 6 7 5
 1215 7 7 2
 1216 0 0 6
 1217 1 0 7
 1218 2 0 5
 1219 3 0 6
 1220 4 0 3
 1221 5 0 0
 1222 6 0 6
 1223 7 0 5
 1224 0 1 7
 1225 1 1 5
 1226 2 1 1
 1227 3 1 6
 1228 4 1 3
 1229 5 1 0
 1230 6 1 6
 1231 7 1 5
 1232 0 2 4
 1233 1 2 3
 1234 2 2 5
 1235 3 2 6
 1236 4 2 3
 1237 5 2 0
 1238 6 2 6
 1239 7 2 4
 1240 0 3 5
 1241 1 3 1
 1242 2 3 1
 1243 3 3 6
 1244 4 3 3
 1245 5 3 0
 1246 6 3 6
 1247 7 3 4
 1248 0 4 2
 1249 1 4 7
 1250 2 4 5
 1251 3 4 6
 1252 4 4 3
 1253 5 4 0
 1254 6 4 7
 1255 7 4 7
 1256 0 5 3
 1257 1 5 5
 1258 2 5 1
 1259 3 5 6
 1260 4 5 3
 1261 5 5 0
 1262 6 5 7
 1263 7 5 7
 1264 0 6 0
 1265 1 6 3
 1266 2 6 5
 1267 3 6 6
 1268 4 6 3
 1269 5 6 0
 1270 6 6 7
 1271 7 6 6
 1272 0 7 1
 1273 1 7 1
 1274 2 7 1
 1275 3 7 6
 1276 4 7 3
 1277 5 7 0
 1278 6 7 7
 1279 7 7 6
 1280 0 0 6
 1281 1 0 7
 1282 2 0 5
 1283 3 0 6
 1284 4 0 0
 1285 5 0 7
 1286 6 0 0
 1287 7 0 1
 1288 0 1 7
 1289 1 1 5
 1290 2 1 1
 1291 3 1 6
 1292 4 1 0
 1293 5 1 7
 1294 6 1 0
 1295 7 1 1
 1296 0 2 4
 1297 1 2 3
 1298 2 2 5
 1299 3 2 6
 1300 4 2 0
 1301 5 2 7
 1302 6 2 0
 1303 7 2 0
 1304 0 3 5
 1305 1 3 1
 1306 2 3 1
 1307 3 3 6
 1308 4 3 0
 1309 5 3 7
 1310 6 3 0
 1311 7 3 0
 1312 0 4 2
 1313 1 4 7
 1314 2 4 5
 1315 3 4 6
 1316 4 4 0
 1317 5 4 7
 1318 6 4 1
 1319 7 4 3
 1320 0 5 3
 1321 1 5 5
 1322 2 5 1
 1323 3 5 6
 1324 4 5 0
 1325 5 5 7
 1326 6 5 1
 1327 7 5 3
 1328 0 6 0
 1329 1 6 3
 1330 2 6 5
 1331 3 6 6
 1332 4 6 0
 1333 5 6 7
 1334 6 6 1
 1335 7 6 2
 1336 0 7 1
 1337 1 7 1
 1338 2 7 1
 1339 3 7 6
 1340 4 7 0
 1341 5 7 7
 1342 6 7 1
 1343 7 7 2
 1344 0 0 6
 1345 1 0 7
 1346 2 0 5
 1347 3 0 6
 1348 4 0 0
 1349 5 0 6
 1350 6 0 2
 1351 7 0 5
 1352 0 1 7
 1353 1 1 5
 1354 2 1 1
 1355 3 1 6
 1356 4 1 0
 1357 5 1 6
 1358 6 1 2
 1359 7 1 5
 1360 0 2 4
 1361 1 2 3
 1362 2 2 5
 1363 3 2 6
 1364 4 2 0
 1365 5 2 6
 1366 6 2 2
 1367 7 2 4
 1368 0 3 5
 1369 1 3 1
 1370 2 3 1
 1371 3 3 6
 1372 4 3 0
 1373 5 3 6
 1374 6 3 2
 1375 7 3 4
 1376 0 4 2
 1377 1 4 7
 1378 2 4 5
 1379 3 4 6
 1380 4 4 0
 1381 5 4 6
 1382 6 4 3
 1383 7 4 7
 1384 0 5 3
 1385 1 5 5
 1386 2 5 1
 1387 3 5 6
 1388 4 5 0
 1389 5 5 6
 1390 6 5 3
 1391 7 5 7
 1392 0 6 0
 1393 1 6 3
 1394 2 6 5
 1395 3 6 6
 1396 4 6 0
 1397 5 6 6
 1398 6 6 3
 1399 7 6 6
 1400 0 7 1
 1401 1 7 1
 1402 2 7 1
 1403 3 7 6
 1404 4 7 0
 1405 5 7 6
 1406 6 7 3
 1407 7 7 6
 1408 0 0 6
 1409 1 0 7
 1410 2 0 5
 1411 3 0 6
 1412 4 0 1
 1413 5 0 5
 1414 6 0 4
 1415 7 0 1
 1416 0 1 7
 1417 1 1 5
 1418 2 1 1
 1419 3 1 6
 1420 4 1 1
 1421 5 1 5
 1422 6 1 4
 1423 7 1 1
 1424 0 2 4
 1425 1 2 3
 1426 2 2 5
 1427 3 2 6
 1428 4 2 1
 1429 5 2 5
 1430 6 2 4
 1431 7 2 0
 1432 0 3 5
 1433 1 3 1
 1434 2 3 1
 1435 3 3 6
 1436 4 3 1
 1437 5 3 5
 1438 6 3 4
 1439 7 3 0
 1440 0 4 2
 1441 1 4 7
 1442 2 4 5
 1443 3 4 6
 1444 4 4 1
 1445 5 4 5
 1446 6 4 5
 1447 7 4 3
 1448 0 5 3
 1449 1 5 5
 1450 2 5 1
 1451 3 5 6
 1452 4 5 1
 1453 5 5 5
 1454 6 5 5
 1455 7 5 3
 1456 0 6 0
 1457 1 6 3
 1458 2 6 5
 1459 3 6 6
 1460 4 6 1
 1461 5 6 5
 1462 6 6 5
 1463 7 6 2
 1464 0 7 1
 1465 1 7 1
 1466 2 7 1
 1467 3 7 6
 1468 4 7 1
 1469 5 7 5
 1470 6 7 5
 1471 7 7 2
 1472 0 0 6
 1473 1 0 7
 1474 2 0 5
 1475 3 0 6
 1476 4 0 1
 1477 5 0 4
 1478 6 0 6
 1479 7 0 5
 1480 0 1 7
 1481 1 1 5
 1482 2 1 1
 1483 3 1 6
 1484 4 1 1
 1485 5 1 4
 1486 6 1 6
 1487 7 1 5
 1488 0 2 4
 1489 1 2 3
 1490 2 2 5
 1491 3 2 6
 1492 4 2 1
 1493 5 2 4
 1494 6 2 6
 1495 7 2 4
 1496 0 3 5
 1497 1 3 1
 1498 2 3 1
 1499 3 3 6
 1500 4 3 1
 1501 5 3 4
 1502 6 3 6
 1503 7 3 4
 1504 0 4 2
 1505 1 4 7
 1506 2 4 5
 1507 3 4 6
 1508 4 4 1
 1509 5 4 4
 1510 6 4 7
 1511 7 4 7
 1512 0 5 3
 1513 1 5 5
 1514 2 5 1
 1515 3 5 6
 1516 4 5 1
 1517 5 5 4
 1518 6 5 7
 1519 7 5 7
 1520 0 6 0
 1521 1 6 3
 1522 2 6 5
 1523 3 6 6
 1524 4 6 1
 1525 5 6 4
 1526 6 6 7
 1527 7 6 6
 1528 0 7 1
 1529 1 7 1
 1530 2 7 1
 1531 3 7 6
 1532 4 7 1
 1533 5 7 4
 1534 6 7 7
 1535 7 7 6
 1536 0 0 6
 1537 1 0 7
 1538 2 0 5
 1539 3 0 6
 1540 4 0 6
 1541 5 0 3
 1542 6 0 0
 1543 7 0 1
 1544 0 1 7
 1545 1 1 5
 1546 2 1 1
 1547 3 1 6
 1548 4 1 6
 1549 5 1 3
 1550 6 1 0
 1551 7 1 1
 1552 0 2 4
 1553 1 2 3
 1554 2 2 5
 1555 3 2 6
 1556 4 2 6
 1557 5 2 3
 1558 6 2 0
 1559 7 2 0
 1560 0 3 5
 1561 1 3 1
 1562 2 3 1
 1563 3 3 6
 1564 4 3 6
 1565 5 3 3
 1566 6 3 0
 1567 7 3 0
 1568 0 4 2
 1569 1 4 7
 1570 2 4 5
 1571 3 4 6
 1572 4 4 6
 1573 5 4 3
 1574 6 4 1
 1575 7 4 3
 1576 0 5 3
 1577 1 5 5
 1578 2 5 1
 1579 3 5 6
 1580 4 5 6
 1581 5 5 3
 1582 6 5 1
 1583 7 5 3
 1584 0 6 0
 1585 1 6 3
 1586 2 6 5
 1587 3 6 6
 1588 4 6 6
 1589 5 6 3
 1590 6 6 1
 1591 7 6 2
 1592 0 7 1
 1593 1 7 1
 1594 2 7 1
 1595 3 7 6
 1596 4 7 6
 1597 5 7 3
 1598 6 7 1
 1599 7 7 2
 1600 0 0 6
 1601 1 0 7
 1602 2 0 5
 1603 3 0 6
 1604 4 0 6
 1605 5 0 2
 1606 6 0 2
 1607 7 0 5
 1608 0 1 7
 1609 1 1 5
 1610 2 1 1
 1611 3 1 6
 1612 4 1 6
 1613 5 1 2
 1614 6 1 2
 1615 7 1 5
 1616 0 2 4
 1617 1 2 3
 1618 2 2 5
 1619 3 2 6
 1620 4 2 6
 1621 5 2 2
 1622 6 2 2
 1623 7 2 4
 1624 0 3 5
 1625 1 3 1
 1626 2 3 1
 1627 3 3 6
 1628 4 3 6
 1629 5 3 2
 1630 6 3 2
 1631 7 3 4
 1632 0 4 2
 1633 1 4 7
 1634 2 4 5
 1635 3 4 6
 1636 4 4 6
 1637 5 4 2
 1638 6 4 3
 1639 7 4 7
 1640 0 5 3
 1641 1 5 5
 1642 2 5 1
 1643 3 5 6
 1644 4 5 6
 1645 5 5 2
 1646 6 5 3
 1647 7 5 7
 1648 0 6 0
 1649 1 6 3
 1650 2 6 5
 1651 3 6 6
 1652 4 6 6
 1653 5 6 2
 1654 6 6 3
 1655 7 6 6
 1656 0 7 1
 1657 1 7 1
 1658 2 7 1
 1659 3 7 6
 1660 4 7 6
 1661 5 7 2
 1662 6 7 3
 1663 7 7 6
 1664 0 0 6
 1665 1 0 7
 1666 2 0 5
 1667 3 0 6
 1668 4 0 7
 1669 5 0 1
 1670 6 0 4
 1671 7 0 1
 1672 0 1 7
 1673 1 1 5
 1674 2 1 1
 1675 3 1 6
 1676 4 1 7
 1677 5 1 1
 1678 6 1 4
 1679 7 1 1
 1680 0 2 4
 1681 1 2 3
 1682 2 2 5
 1683 3 2 6
 1684 4 2 7
 1685 5 2 1
 1686 6 2 4
 1687 7 2 0
 1688 0 3 5
 1689 1 3 1
 1690 2 3 1
 1691 3 3 6
 1692 4 3 7
 1693 5 3 1
 1694 6 3 4
 1695 7 3 0
 1696 0 4 2
 1697 1 4 7
 1698 2 4 5
 1699 3 4 6
 1700 4 4 7
 1701 5 4 1
 1702 6 4 5
 1703 7 4 3
 1704 0 5 3
 1705 1 5 5
 1706 2 5 1
 1707 3 5 6
 1708 4 5 7
 1709 5 5 1
 1710 6 5 5
 1711 7 5 3
 1712 0 6 0
 1713 1 6 3
 1714 2 6 5
 1715 3 6 6
 1716 4 6 7
 1717 5 6 1
 1718 6 6 5
 1719 7 6 2
 1720 0 7 1
 1721 1 7 1
 1722 2 7 1
 1723 3 7 6
 1724 4 7 7
 1725 5 7 1
 1726 6 7 5
 1727 7 7 2
 1728 0 0 6
 1729 1 0 7
 1730 2 0 5
 1731 3 0 6
 1732 4 0 7
 1733 5 0 0
 1734 6 0 6
 1735 7 0 5
 1736 0 1 7
 1737 1 1 5
 1738 2 1 1
 1739 3 1 6
 1740 4 1 7
 1741 5 1 0
 1742 6 1 6
 1743 7 1 5
 1744 0 2 4
 1745 1 2 3
 1746 2 2 5
 1747 3 2 6
 1748 4 2 7
 1749 5 2 0
 1750 6 2 6
 1751 7 2 4
 1752 0 3 5
 1753 1 3 1
 1754 2 3 1
 1755 3 3 6
 1756 4 3 7
 1757 5 3 0
 1758 6 3 6
 1759 7 3 4
 1760 0 4 2
 1761 1 4 7
 1762 2 4 5
 1763 3 4 6
 1764 4 4 7
 1765 5 4 0
 1766 6 4 7
 1767 7 4 7
 1768 0 5 3
 1769 1 5 5
 1770 2 5 1
 1771 3 5 6
 1772 4 5 7
 1773 5 5 0
 1774 6 5 7
 1775 7 5 7
 1776 0 6 0
 1777 1 6 3
 1778 2 6 5
 1779 3 6 6
 1780 4 6 7
 1781 5 6 0
 1782 6 6 7
 1783 7 6 6
 1784 0 7 1
 1785 1 7 1
 1786 2 7 1
 1787 3 7 6
 1788 4 7 7
 1789 5 7 0
 1790 6 7 7
 1791 7 7 6
 1792 0 0 6
 1793 1 0 7
 1794 2 0 5
 1795 3 0 6
 1796 4 0 4
 1797 5 0 7
 1798 6 0 0
 1799 7 0 1
 1800 0 1 7
 1801 1 1 5
 1802 2 1 1
 1803 3 1 6
 1804 4 1 4
 1805 5 1 7
 1806 6 1 0
 1807 7 1 1
 1808 0 2 4
 1809 1 2 3
 1810 2 2 5
 1811 3 2 6
 1812 4 2 4
 1813 5 2 7
 1814 6 2 0
 1815 7 2 0
 1816 0 3 5
 1817 1 3 1
 1818 2 3 1
 1819 3 3 6
 1820 4 3 4
 1821 5 3 7
 1822 6 3 0
 1823 7 3 0
 1824 0 4 2
 1825 1 4 7
 1826 2 4 5
 1827 3 4 6
 1828 4 4 4
 1829 5 4 7
 1830 6 4 1
 1831 7 4 3
 1832 0 5 3
 1833 1 5 5
 1834 2 5 1
 1835 3 5 6
 1836 4 5 4
 1837 5 5 7
 1838 6 5 1
 1839 7 5 3
 1840 0 6 0
 1841 1 6 3
 1842 2 6 5
 1843 3 6 6
 1844 4 6 4
 1845 5 6 7
 1846 6 6 1
 1847 7 6 2
 1848 0 7 1
 1849 1 7 1
 1850 2 7 1
 1851 3 7 6
 1852 4 7 4
 1853 5 7 7
 1854 6 7 1
 1855 7 7 2
 1856 0 0 6
 1857 1 0 7
 1858 2 0 5
 1859 3 0 6
 1860 4 0 4
 1861 5 0 6
 1862 6 0 2
 1863 7 0 5
 1864 0 1 7
 1865 1 1 5
 1866 2 1 1
 1867 3 1 6
 1868 4 1 4
 1869 5 1 6
 1870 6 1 2
 1871 7 1 5
 1872 0 2 4
 1873 1 2 3
 1874 2 2 5
 1875 3 2 6
 1876 4 2 4
 1877 5 2 6
 1878 6 2 2
 1879 7 2 4
 1880 0 3 5
 1881 1 3 1
 1882 2 3 1
 1883 3 3 6
 1884 4 3 4
 1885 5 3 6
 1886 6 3 2
 1887 7 3 4
 1888 0 4 2
 1889 1 4 7
 1890 2 4 5
 1891 3 4 6
 1892 4 4 4
 1893 5 4 6
 1894 6 4 3
 1895 7 4 7
 1896 0 5 3
 1897 1 5 5
 1898 2 5 1
 1899 3 5 6
 1900 4 5 4
 1901 5 5 6
 1902 6 5 3
 1903 7 5 7
 1904 0 6 0
 1905 1 6 3
 1906 2 6 5
 1907 3 6 6
 1908 4 6 4
 1909 5 6 6
 1910 6 6 3
 1911 7 6 6
 1912 0 7 1
 1913 1 7 1
 1914 2 7 1
 1915 3 7 6
 1916 4 7 4
 1917 5 7 6
 1918 6 7 3
 1919 7 7 6
 1920 0 0 6
 1921 1 0 7
 1922 2 0 5
 1923 3 0 6
 1924 4 0 5
 1925 5 0 5
 1926 6 0 4
 1927 7 0 1
 1928 0 1 7
 1929 1 1 5
 1930 2 1 1
 1931 3 1 6
 1932 4 1 5
 1933 5 1 5
 1934 6 1 4
 1935 7 1 1
 1936 0 2 4
 1937 1 2 3
 1938 2 2 5
 1939 3 2 6
 1940 4 2 5
 1941 5 2 5
 1942 6 2 4
 1943 7 2 0
 1944 0 3 5
 1945 1 3 1
 1946 2 3 1
 1947 3 3 6
 1948 4 3 5
 1949 5 3 5
 1950 6 3 4
 1951 7 3 0
 1952 0 4 2
 1953 1 4 7
 1954 2 4 5
 1955 3 4 6
 1956 4 4 5
 1957 5 4 5
 1958 6 4 5
 1959 7 4 3
 1960 0 5 3
 1961 1 5 5
 1962 2 5 1
 1963 3 5 6
 1964 4 5 5
 1965 5 5 5
 1966 6 5 5
 1967 7 5 3
 1968 0 6 0
 1969 1 6 3
 1970 2 6 5
 1971 3 6 6
 1972 4 6 5
 1973 5 6 5
 1974 6 6 5
 1975 7 6 2
 1976 0 7 1
 1977 1 7 1
 1978 2 7 1
 1979 3 7 6
 1980 4 7 5
 1981 5 7 5
 1982 6 7 5
 1983 7 7 2
 1984 0 0 6
 1985 1 0 7
 1986 2 0 5
 1987 3 0 6
 1988 4 0 5
 1989 5 0 4
 1990 6 0 6
 1991 7 0 5
 1992 0 1 7
 1993 1 1 5
 1994 2 1 1
 1995 3 1 6
 1996 4 1 5
 1997 5 1 4
 1998 6 1 6
 1999 7 1 5
 2000 0 2 4
 2001 1 2 3
 2002 2 2 5
 2003 3 2 6
 2004 4 2 5
 2005 5 2 4
 2006 6 2 6
 2007 7 2 4
 2008 0 3 5
 2009 1 3 1
 2010 2 3 1
 2011 3 3 6
 2012 4 3 5
 2013 5 3 4
 2014 6 3 6
 2015 7 3 4
 2016 0 4 2
 2017 1 4 7
 2018 2 4 5
 2019 3 4 6
 2020 4 4 5
 2021 5 4 4
 2022 6 4 7
 2023 7 4 7
 2024 0 5 3
 2025 1 5 5
 2026 2 5 1
 2027 3 5 6
 2028 4 5 5
 2029 5 5 4
 2030 6 5 7
 2031 7 5 7
 2032 0 6 0
 2033 1 6 3
 2034 2 6 5
 2035 3 6 6
 2036 4 6 5
 2037 5 6 4
 2038 6 6 7
 2039 7 6 6
 2040 0 7 1
 2041 1 7 1
 2042 2 7 1
 2043 3 7 6
 2044 4 7 5
 2045 5 7 4
 2046 6 7 7
 2047 7 7 6
6
